100 1000
3 31
13 69
32 62
28 63
11 88
44 73
37 85
60 63
13 56
18 71
2 9
74 92
47 63
14 30
48 75
72 94
14 27
62 86
1 87
18 38
33 100
28 45
13 97
44 47
14 80
61 92
15 46
49 51
8 33
4 35
7 17
88 98
28 41
17 62
47 55
11 80
65 92
76 88
12 66
50 63
18 54
41 95
16 98
75 100
23 92
37 96
39 86
5 33
4 5
17 55
72 74
60 69
5 56
1 69
43 55
10 12
23 68
15 31
81 83
9 41
63 85
37 79
61 82
24 52
14 26
23 54
17 93
31 59
14 82
75 90
22 96
23 70
61 69
34 65
49 53
5 87
36 61
10 81
51 91
17 19
55 61
39 43
12 74
6 42
32 53
14 39
36 90
26 93
4 100
20 75
10 29
66 79
67 82
73 84
38 50
71 83
72 80
32 77
48 69
4 81
23 73
3 4
37 73
33 66
64 81
7 75
6 61
30 59
35 52
50 93
45 94
41 93
8 40
1 26
57 85
18 42
37 43
3 32
80 89
3 76
13 49
63 91
7 66
65 82
60 75
41 82
27 72
48 67
71 99
33 42
88 96
22 60
69 71
27 58
44 64
68 88
24 85
62 73
90 94
28 51
45 76
54 68
9 90
8 37
20 61
34 89
44 78
13 28
17 20
78 91
4 67
78 88
65 90
14 41
11 22
17 74
3 82
59 74
15 80
66 89
4 64
9 72
59 62
38 85
65 97
56 87
7 73
6 79
3 59
46 89
21 67
84 86
6 72
12 49
62 81
39 69
32 66
11 44
26 100
46 76
30 87
56 75
10 60
20 54
66 70
15 28
17 24
50 83
32 45
14 89
38 96
18 80
11 97
2 38
26 44
15 45
16 66
75 86
27 84
70 97
34 83
13 51
3 91
9 47
29 51
38 76
15 26
23 69
43 56
35 60
13 94
15 53
39 82
5 82
82 95
19 83
8 52
2 86
16 43
12 43
38 52
91 96
26 87
10 98
31 73
64 91
51 97
18 85
15 90
38 67
29 71
40 41
27 54
17 71
18 81
35 37
42 58
30 80
6 24
13 59
32 56
3 56
19 38
29 86
13 85
9 38
41 75
22 61
18 52
2 10
39 46
50 67
29 36
34 86
43 65
56 93
46 97
5 95
51 52
34 57
42 52
45 68
5 79
58 96
8 83
10 59
21 53
64 78
87 89
16 87
6 31
14 91
35 70
39 94
44 95
58 73
23 61
37 66
23 58
25 40
9 12
37 63
70 81
11 16
24 73
11 23
38 69
5 47
1 11
18 26
42 45
56 71
15 33
83 87
8 62
46 81
11 51
28 74
1 37
3 70
54 82
38 47
50 80
65 94
16 46
31 33
5 54
51 88
22 62
5 91
14 75
55 63
4 24
51 98
58 89
7 85
16 83
23 98
19 86
8 45
63 72
19 23
6 59
41 73
86 89
94 99
62 100
19 36
1 15
4 41
15 35
4 51
1 42
60 94
22 73
56 68
33 38
14 43
79 91
19 48
65 74
23 90
25 65
5 94
20 40
13 75
42 76
35 46
35 43
25 88
64 86
59 60
25 58
80 96
91 99
46 96
33 86
69 73
12 36
12 81
65 78
19 44
30 42
67 94
12 54
82 87
77 93
23 95
3 83
63 76
60 71
52 57
70 82
18 69
59 99
36 45
32 80
73 91
61 64
8 34
34 73
43 76
66 91
31 54
66 86
31 81
88 97
68 70
55 82
3 26
61 81
64 66
20 92
59 76
72 99
94 96
13 89
4 46
63 70
82 99
46 68
65 81
14 96
20 98
15 63
27 83
10 23
57 64
47 54
21 59
36 74
46 59
31 39
26 34
2 95
72 77
27 92
2 34
34 47
89 91
1 54
50 86
11 17
38 89
24 55
74 99
17 27
52 74
35 69
5 29
4 13
22 28
66 94
59 94
5 35
50 89
39 40
22 56
36 64
13 93
1 33
84 98
9 93
5 93
19 97
26 67
23 94
70 98
37 78
56 62
7 22
43 61
70 95
53 90
27 40
60 89
67 72
26 77
41 49
10 22
48 73
16 82
42 49
72 82
1 83
62 91
69 82
39 53
4 60
16 18
2 71
3 24
17 89
45 88
87 91
50 55
3 22
92 94
1 21
28 57
38 40
60 62
5 26
11 13
16 27
50 99
67 97
44 49
33 44
37 71
55 81
67 91
74 76
38 80
40 50
16 17
33 51
43 46
13 37
26 83
54 57
65 75
63 94
24 91
28 42
67 75
20 60
11 60
10 46
61 63
70 100
47 100
11 61
13 45
67 70
49 65
6 47
53 86
10 71
4 31
69 77
54 79
51 83
11 79
53 94
3 23
21 77
1 34
76 89
26 78
67 98
7 40
15 70
35 92
91 98
51 57
49 72
78 100
51 71
1 9
69 99
47 83
1 75
20 100
12 63
66 74
4 79
9 16
44 89
20 26
9 95
82 96
55 89
15 39
71 90
75 95
9 24
6 55
50 56
37 88
10 53
28 49
61 80
55 80
9 73
52 78
80 85
14 46
38 72
27 41
49 94
2 69
12 58
3 54
26 88
68 76
78 99
26 99
73 85
94 95
30 74
31 64
40 98
10 38
5 97
16 96
13 27
45 72
12 15
16 67
35 53
17 37
7 45
63 69
40 95
59 93
27 66
37 92
11 33
62 89
21 26
54 70
30 60
15 84
53 98
59 85
23 55
41 91
1 80
7 79
18 98
58 90
25 34
52 98
55 96
5 27
46 88
17 50
48 56
69 93
6 10
40 90
41 62
73 81
61 70
38 75
53 74
30 94
1 38
11 71
36 73
52 73
75 97
40 68
83 89
3 77
69 91
24 51
76 84
3 65
12 90
20 72
24 56
59 63
71 96
20 35
20 44
7 34
27 86
75 84
2 98
57 81
9 48
13 46
32 49
15 81
63 100
47 95
12 100
10 79
46 56
4 55
88 91
39 52
29 61
50 98
21 97
60 78
29 44
7 91
23 38
26 73
81 96
66 93
45 89
72 98
72 88
28 81
8 58
24 77
2 61
53 83
69 84
30 79
35 82
72 86
38 70
33 67
7 25
35 99
59 98
24 96
3 55
32 37
24 93
1 84
37 93
21 87
38 54
12 27
63 74
26 41
1 59
82 92
33 88
38 81
9 82
11 47
20 21
28 90
17 18
20 29
39 67
3 30
18 34
32 43
19 43
48 65
53 78
13 16
24 86
16 47
34 58
8 31
53 82
76 77
29 95
58 65
5 99
21 64
20 28
28 44
9 92
54 89
45 53
44 80
7 76
41 65
74 97
12 88
11 19
28 72
7 9
42 60
25 86
38 82
27 70
62 69
44 85
57 63
12 32
15 40
6 82
27 36
1 100
12 60
39 85
94 98
82 83
58 66
27 88
18 50
31 32
69 92
28 73
22 90
1 68
18 47
11 48
1 98
50 72
41 68
31 58
29 43
28 84
3 90
90 91
4 10
20 81
7 32
54 80
2 23
18 49
29 38
47 48
35 100
31 99
37 81
30 85
45 93
78 82
68 82
27 43
16 61
7 12
28 69
11 32
36 76
32 36
28 33
19 29
17 22
44 92
21 29
3 51
5 42
38 97
34 68
12 41
47 52
24 47
25 59
16 92
33 85
12 83
83 95
21 27
4 87
4 45
46 98
36 58
7 18
10 83
23 56
14 61
23 36
73 99
19 60
25 77
6 37
8 18
10 27
31 52
8 22
32 73
71 93
26 29
19 74
34 82
32 92
6 65
22 58
38 62
36 52
1 2
48 94
15 85
15 73
62 99
69 74
66 97
37 67
59 82
24 44
44 53
12 39
31 55
18 72
16 37
81 82
4 49
15 36
45 52
20 88
37 69
37 61
13 44
5 16
15 71
4 86
20 30
39 59
32 71
6 100
5 78
53 91
24 39
33 59
5 15
26 97
14 16
59 91
75 80
26 53
64 74
17 44
9 99
65 87
12 94
7 57
33 60
81 92
5 85
26 89
57 72
38 91
81 100
68 69
56 90
8 32
49 95
28 56
38 92
17 41
11 26
50 82
7 21
80 92
19 95
10 69
2 31
9 14
32 54
67 89
68 91
11 90
41 81
51 86
45 81
9 58
3 99
3 13
2 29
44 74
31 76
12 70
18 57
13 88
37 98
12 51
52 76
19 28
16 34
10 14
2 20
40 63
11 62
15 47
26 45
51 53
43 63
27 32
10 32
21 96
98 100
3 81
26 92
21 39
53 80
27 71
46 100
25 69
7 23
52 72
36 50
25 30
34 78
22 35
6 66
72 76
28 54
84 90
35 73
25 28
85 98
42 91
4 34
55 58
63 71
45 69
41 52
69 96
1 81
95 99
26 30
30 93
36 55
3 34
23 89
11 43
59 66
11 59
27 96
26 37
30 75
53 59
15 77
2 17
51 56
64 83
33 46
1 50
65 85
1 48
35 59
7 82
7 96
36 60
48 78
53 69
1 0 0 0 1 0 0 0 0 1 0 0 0 0 0 1 1 0 0 0 1 1 0 1 1 0 1 1 1 0 1 1 0 1 0 0 0 0 1 0 0 1 1 1 1 1 1 0 1 1 0 0 1 1 1 1 0 1 0 1 0 1 1 0 0 1 1 0 0 0 1 0 1 0 0 1 0 0 0 0 1 0 0 1 0 0 1 1 0 1 0 0 0 0 0 1 1 1 1 0 